kinematics:
  shoulder:
    x: 0
    y: 0
    z: 0.1809112337341367
    roll: -0
    pitch: 0
    yaw: -5.580278964727874e-07
  upper_arm:
    x: 0.0001332705253385424
    y: 0
    z: 0
    roll: 1.570238434263369
    pitch: 0
    yaw: -1.61944176509383e-07
  forearm:
    x: -0.4785711899373594
    y: 0
    z: 0
    roll: 3.140361572812798
    pitch: 3.141406372921114
    yaw: 3.141592281270097
  wrist_1:
    x: -0.3601208005221592
    y: -0.0001101798456462636
    z: 0.174479342682243
    roll: 0.0006314777973554155
    pitch: 0.0008083199867942596
    yaw: 2.002927445475444e-06
  wrist_2:
    x: 5.995037547590281e-05
    y: -0.1198154957930851
    z: 0.0001377998706891365
    roll: 1.56964622672629
    pitch: 0
    yaw: 3.017206013438204e-06
  wrist_3:
    x: -5.710774859840915e-06
    y: 0.1157067523367437
    z: -1.262021069147335e-05
    roll: 1.570687256145288
    pitch: 3.141592653589793
    yaw: 3.141592647573791
  hash: calib_13304884846128456077
